{"States":[{"Cut":{"Clocks":[{"Apple":14,"Apricot":13,"Banana":26},{"Apple":14,"Apricot":16,"Banana":29},{"Apple":12,"Apricot":16,"Banana":25}]},"Points":[{"Dump":[],"Id":"da39a3ee5e6b4b0d3255bfef95601890afd80709","VectorClock":"Fv+BBAEBBlZDbG9jawH/ggABDAEGAAAc/4IAAwZCYW5hbmEaB0Fwcmljb3QNBUFwcGxlDg==","CommunicationDelta":0},{"Dump":null,"Id":"","VectorClock":"Fv+BBAEBBlZDbG9jawH/ggABDAEGAAAc/4IAAwdBcHJpY290EAVBcHBsZQ4GQmFuYW5hHQ==","CommunicationDelta":0},{"Dump":[{"VarName":"Apricot-r.Term","Value":2,"Type":"int"},{"VarName":"Apricot-r.Vote","Value":-9223372036854775808,"Type":"int"},{"VarName":"Apricot-r.checkQuorum","Value":true,"Type":"boolean"},{"VarName":"Apricot-r.electionElapsed","Value":0,"Type":"int"},{"VarName":"Apricot-r.electionTimeout","Value":10,"Type":"int"},{"VarName":"Apricot-r.heartbeatElapsed","Value":0,"Type":"int"},{"VarName":"Apricot-r.heartbeatTimeout","Value":1,"Type":"int"},{"VarName":"Apricot-r.id","Value":-9223372036854775808,"Type":"int"},{"VarName":"Apricot-r.lead","Value":-9223372036854775808,"Type":"int"},{"VarName":"Apricot-r.leadTransferee","Value":0,"Type":"int"},{"VarName":"Apricot-r.pendingConf","Value":false,"Type":"boolean"},{"VarName":"Apricot-r.raftLog.applied","Value":10,"Type":"int"},{"VarName":"Apricot-r.raftLog.committed","Value":11,"Type":"int"},{"VarName":"Apricot-r.raftLog.lastIndex","Value":11,"Type":"int"},{"VarName":"Apricot-r.raftLog.lastTerm","Value":2,"Type":"int"},{"VarName":"Apricot-r.randomizedElectionTimeout","Value":18,"Type":"int"},{"VarName":"Apricot-r.readState","Value":{"Index":0,"RequestCtx":null},"Type":""},{"VarName":"Apricot-r.state","Value":"\u0000","Type":"string"}],"Id":"53a0acfad59379b3e050338bf9f23cfc172ee787","VectorClock":"Fv+BBAEBBlZDbG9jawH/ggABDAEGAAAc/4IAAwZCYW5hbmEZB0Fwcmljb3QQBUFwcGxlDA==","CommunicationDelta":0}],"TotalOrdering":[[1,2],[0]]},{"Cut":{"Clocks":[{"Apple":25,"Apricot":23,"Banana":45},{"Apple":25,"Apricot":28,"Banana":52},{"Apple":22,"Apricot":28,"Banana":46}]},"Points":[{"Dump":[],"Id":"da39a3ee5e6b4b0d3255bfef95601890afd80709","VectorClock":"Fv+BBAEBBlZDbG9jawH/ggABDAEGAAAc/4IAAwZCYW5hbmEtB0Fwcmljb3QXBUFwcGxlGQ==","CommunicationDelta":0},{"Dump":null,"Id":"","VectorClock":"Fv+BBAEBBlZDbG9jawH/ggABDAEGAAAc/4IAAwVBcHBsZRkGQmFuYW5hNAdBcHJpY290HA==","CommunicationDelta":0},{"Dump":[{"VarName":"Apricot-r.Term","Value":2,"Type":"int"},{"VarName":"Apricot-r.Vote","Value":-9223372036854775808,"Type":"int"},{"VarName":"Apricot-r.checkQuorum","Value":true,"Type":"boolean"},{"VarName":"Apricot-r.electionElapsed","Value":0,"Type":"int"},{"VarName":"Apricot-r.electionTimeout","Value":10,"Type":"int"},{"VarName":"Apricot-r.heartbeatElapsed","Value":0,"Type":"int"},{"VarName":"Apricot-r.heartbeatTimeout","Value":1,"Type":"int"},{"VarName":"Apricot-r.id","Value":-9223372036854775808,"Type":"int"},{"VarName":"Apricot-r.lead","Value":-9223372036854775808,"Type":"int"},{"VarName":"Apricot-r.leadTransferee","Value":0,"Type":"int"},{"VarName":"Apricot-r.pendingConf","Value":false,"Type":"boolean"},{"VarName":"Apricot-r.raftLog.applied","Value":14,"Type":"int"},{"VarName":"Apricot-r.raftLog.committed","Value":15,"Type":"int"},{"VarName":"Apricot-r.raftLog.lastIndex","Value":15,"Type":"int"},{"VarName":"Apricot-r.raftLog.lastTerm","Value":2,"Type":"int"},{"VarName":"Apricot-r.randomizedElectionTimeout","Value":18,"Type":"int"},{"VarName":"Apricot-r.readState","Value":{"Index":0,"RequestCtx":null},"Type":""},{"VarName":"Apricot-r.state","Value":"\u0000","Type":"string"}],"Id":"53a0acfad59379b3e050338bf9f23cfc172ee787","VectorClock":"Fv+BBAEBBlZDbG9jawH/ggABDAEGAAAc/4IAAwdBcHJpY290HAVBcHBsZRYGQmFuYW5hLg==","CommunicationDelta":0}],"TotalOrdering":[[1,2],[0]]},{"Cut":{"Clocks":[{"Apple":63,"Apricot":54,"Banana":108},{"Apple":63,"Apricot":62,"Banana":120},{"Apple":55,"Apricot":62,"Banana":109}]},"Points":[{"Dump":[],"Id":"da39a3ee5e6b4b0d3255bfef95601890afd80709","VectorClock":"Fv+BBAEBBlZDbG9jawH/ggABDAEGAAAc/4IAAwdBcHJpY290NgVBcHBsZT8GQmFuYW5hbA==","CommunicationDelta":0},{"Dump":null,"Id":"","VectorClock":"Fv+BBAEBBlZDbG9jawH/ggABDAEGAAAc/4IAAwVBcHBsZT8GQmFuYW5heAdBcHJpY290Pg==","CommunicationDelta":0},{"Dump":[{"VarName":"Apricot-r.Term","Value":2,"Type":"int"},{"VarName":"Apricot-r.Vote","Value":-9223372036854775808,"Type":"int"},{"VarName":"Apricot-r.checkQuorum","Value":true,"Type":"boolean"},{"VarName":"Apricot-r.electionElapsed","Value":1,"Type":"int"},{"VarName":"Apricot-r.electionTimeout","Value":10,"Type":"int"},{"VarName":"Apricot-r.heartbeatElapsed","Value":0,"Type":"int"},{"VarName":"Apricot-r.heartbeatTimeout","Value":1,"Type":"int"},{"VarName":"Apricot-r.id","Value":-9223372036854775808,"Type":"int"},{"VarName":"Apricot-r.lead","Value":-9223372036854775808,"Type":"int"},{"VarName":"Apricot-r.leadTransferee","Value":0,"Type":"int"},{"VarName":"Apricot-r.pendingConf","Value":false,"Type":"boolean"},{"VarName":"Apricot-r.raftLog.applied","Value":22,"Type":"int"},{"VarName":"Apricot-r.raftLog.committed","Value":22,"Type":"int"},{"VarName":"Apricot-r.raftLog.lastIndex","Value":23,"Type":"int"},{"VarName":"Apricot-r.raftLog.lastTerm","Value":2,"Type":"int"},{"VarName":"Apricot-r.randomizedElectionTimeout","Value":18,"Type":"int"},{"VarName":"Apricot-r.readState","Value":{"Index":0,"RequestCtx":null},"Type":""},{"VarName":"Apricot-r.state","Value":"\u0000","Type":"string"}],"Id":"53a0acfad59379b3e050338bf9f23cfc172ee787","VectorClock":"Fv+BBAEBBlZDbG9jawH/ggABDAEGAAAc/4IAAwVBcHBsZTcGQmFuYW5hbQdBcHJpY290Pg==","CommunicationDelta":0}],"TotalOrdering":[[1,0],[2]]},{"Cut":{"Clocks":[{"Apple":70,"Apricot":68,"Banana":132},{"Apple":69,"Apricot":69,"Banana":135},{"Apple":68,"Apricot":70,"Banana":133}]},"Points":[{"Dump":null,"Id":"","VectorClock":"Fv+BBAEBBlZDbG9jawH/ggABDAEGAAAd/4IAAwVBcHBsZUYGQmFuYW5h/4QHQXByaWNvdEQ=","CommunicationDelta":0},{"Dump":[],"Id":"da39a3ee5e6b4b0d3255bfef95601890afd80709","VectorClock":"Fv+BBAEBBlZDbG9jawH/ggABDAEGAAAd/4IAAwVBcHBsZUUGQmFuYW5h/4cHQXByaWNvdEU=","CommunicationDelta":0},{"Dump":[{"VarName":"Apricot-r.Term","Value":2,"Type":"int"},{"VarName":"Apricot-r.Vote","Value":-9223372036854775808,"Type":"int"},{"VarName":"Apricot-r.checkQuorum","Value":true,"Type":"boolean"},{"VarName":"Apricot-r.electionElapsed","Value":0,"Type":"int"},{"VarName":"Apricot-r.electionTimeout","Value":10,"Type":"int"},{"VarName":"Apricot-r.heartbeatElapsed","Value":0,"Type":"int"},{"VarName":"Apricot-r.heartbeatTimeout","Value":1,"Type":"int"},{"VarName":"Apricot-r.id","Value":-9223372036854775808,"Type":"int"},{"VarName":"Apricot-r.lead","Value":-9223372036854775808,"Type":"int"},{"VarName":"Apricot-r.leadTransferee","Value":0,"Type":"int"},{"VarName":"Apricot-r.pendingConf","Value":false,"Type":"boolean"},{"VarName":"Apricot-r.raftLog.applied","Value":24,"Type":"int"},{"VarName":"Apricot-r.raftLog.committed","Value":24,"Type":"int"},{"VarName":"Apricot-r.raftLog.lastIndex","Value":25,"Type":"int"},{"VarName":"Apricot-r.raftLog.lastTerm","Value":2,"Type":"int"},{"VarName":"Apricot-r.randomizedElectionTimeout","Value":18,"Type":"int"},{"VarName":"Apricot-r.readState","Value":{"Index":0,"RequestCtx":null},"Type":""},{"VarName":"Apricot-r.state","Value":"\u0000","Type":"string"}],"Id":"53a0acfad59379b3e050338bf9f23cfc172ee787","VectorClock":"Fv+BBAEBBlZDbG9jawH/ggABDAEGAAAd/4IAAwdBcHJpY290RgVBcHBsZUQGQmFuYW5h/4U=","CommunicationDelta":0}],"TotalOrdering":[[0],[1],[2]]},{"Cut":{"Clocks":[{"Apple":70,"Apricot":68,"Banana":132},{"Apple":69,"Apricot":71,"Banana":136},{"Apple":68,"Apricot":71,"Banana":133}]},"Points":[{"Dump":null,"Id":"","VectorClock":"Fv+BBAEBBlZDbG9jawH/ggABDAEGAAAd/4IAAwVBcHBsZUYGQmFuYW5h/4QHQXByaWNvdEQ=","CommunicationDelta":0},{"Dump":[],"Id":"da39a3ee5e6b4b0d3255bfef95601890afd80709","VectorClock":"Fv+BBAEBBlZDbG9jawH/ggABDAEGAAAd/4IAAwVBcHBsZUUGQmFuYW5h/4gHQXByaWNvdEc=","CommunicationDelta":0},{"Dump":[{"VarName":"Apricot-r.Term","Value":2,"Type":"int"},{"VarName":"Apricot-r.Vote","Value":-9223372036854775808,"Type":"int"},{"VarName":"Apricot-r.checkQuorum","Value":true,"Type":"boolean"},{"VarName":"Apricot-r.electionElapsed","Value":0,"Type":"int"},{"VarName":"Apricot-r.electionTimeout","Value":10,"Type":"int"},{"VarName":"Apricot-r.heartbeatElapsed","Value":0,"Type":"int"},{"VarName":"Apricot-r.heartbeatTimeout","Value":1,"Type":"int"},{"VarName":"Apricot-r.id","Value":-9223372036854775808,"Type":"int"},{"VarName":"Apricot-r.lead","Value":-9223372036854775808,"Type":"int"},{"VarName":"Apricot-r.leadTransferee","Value":0,"Type":"int"},{"VarName":"Apricot-r.pendingConf","Value":false,"Type":"boolean"},{"VarName":"Apricot-r.raftLog.applied","Value":24,"Type":"int"},{"VarName":"Apricot-r.raftLog.committed","Value":25,"Type":"int"},{"VarName":"Apricot-r.raftLog.lastIndex","Value":25,"Type":"int"},{"VarName":"Apricot-r.raftLog.lastTerm","Value":2,"Type":"int"},{"VarName":"Apricot-r.randomizedElectionTimeout","Value":18,"Type":"int"},{"VarName":"Apricot-r.readState","Value":{"Index":0,"RequestCtx":null},"Type":""},{"VarName":"Apricot-r.state","Value":"\u0000","Type":"string"}],"Id":"53a0acfad59379b3e050338bf9f23cfc172ee787","VectorClock":"Fv+BBAEBBlZDbG9jawH/ggABDAEGAAAd/4IAAwdBcHJpY290RwVBcHBsZUQGQmFuYW5h/4U=","CommunicationDelta":0}],"TotalOrdering":[[1,2],[0]]},{"Cut":{"Clocks":[{"Apple":105,"Apricot":98,"Banana":195},{"Apple":105,"Apricot":105,"Banana":206},{"Apple":104,"Apricot":106,"Banana":204}]},"Points":[{"Dump":[],"Id":"da39a3ee5e6b4b0d3255bfef95601890afd80709","VectorClock":"Fv+BBAEBBlZDbG9jawH/ggABDAEGAAAd/4IAAwVBcHBsZWkGQmFuYW5h/8MHQXByaWNvdGI=","CommunicationDelta":0},{"Dump":null,"Id":"","VectorClock":"Fv+BBAEBBlZDbG9jawH/ggABDAEGAAAd/4IAAwVBcHBsZWkGQmFuYW5h/84HQXByaWNvdGk=","CommunicationDelta":0},{"Dump":[{"VarName":"Apricot-r.Term","Value":2,"Type":"int"},{"VarName":"Apricot-r.Vote","Value":-9223372036854775808,"Type":"int"},{"VarName":"Apricot-r.checkQuorum","Value":true,"Type":"boolean"},{"VarName":"Apricot-r.electionElapsed","Value":0,"Type":"int"},{"VarName":"Apricot-r.electionTimeout","Value":10,"Type":"int"},{"VarName":"Apricot-r.heartbeatElapsed","Value":0,"Type":"int"},{"VarName":"Apricot-r.heartbeatTimeout","Value":1,"Type":"int"},{"VarName":"Apricot-r.id","Value":-9223372036854775808,"Type":"int"},{"VarName":"Apricot-r.lead","Value":-9223372036854775808,"Type":"int"},{"VarName":"Apricot-r.leadTransferee","Value":0,"Type":"int"},{"VarName":"Apricot-r.pendingConf","Value":false,"Type":"boolean"},{"VarName":"Apricot-r.raftLog.applied","Value":35,"Type":"int"},{"VarName":"Apricot-r.raftLog.committed","Value":35,"Type":"int"},{"VarName":"Apricot-r.raftLog.lastIndex","Value":36,"Type":"int"},{"VarName":"Apricot-r.raftLog.lastTerm","Value":2,"Type":"int"},{"VarName":"Apricot-r.randomizedElectionTimeout","Value":18,"Type":"int"},{"VarName":"Apricot-r.readState","Value":{"Index":0,"RequestCtx":null},"Type":""},{"VarName":"Apricot-r.state","Value":"\u0000","Type":"string"}],"Id":"53a0acfad59379b3e050338bf9f23cfc172ee787","VectorClock":"Fv+BBAEBBlZDbG9jawH/ggABDAEGAAAd/4IAAwZCYW5hbmH/zAdBcHJpY290agVBcHBsZWg=","CommunicationDelta":0}],"TotalOrdering":[[1,0],[2]]},{"Cut":{"Clocks":[{"Apple":123,"Apricot":114,"Banana":229},{"Apple":123,"Apricot":122,"Banana":241},{"Apple":122,"Apricot":123,"Banana":240}]},"Points":[{"Dump":[],"Id":"da39a3ee5e6b4b0d3255bfef95601890afd80709","VectorClock":"Fv+BBAEBBlZDbG9jawH/ggABDAEGAAAd/4IAAwdBcHJpY290cgVBcHBsZXsGQmFuYW5h/+U=","CommunicationDelta":0},{"Dump":null,"Id":"","VectorClock":"Fv+BBAEBBlZDbG9jawH/ggABDAEGAAAd/4IAAwVBcHBsZXsGQmFuYW5h//EHQXByaWNvdHo=","CommunicationDelta":0},{"Dump":[{"VarName":"Apricot-r.Term","Value":2,"Type":"int"},{"VarName":"Apricot-r.Vote","Value":-9223372036854775808,"Type":"int"},{"VarName":"Apricot-r.checkQuorum","Value":true,"Type":"boolean"},{"VarName":"Apricot-r.electionElapsed","Value":0,"Type":"int"},{"VarName":"Apricot-r.electionTimeout","Value":10,"Type":"int"},{"VarName":"Apricot-r.heartbeatElapsed","Value":0,"Type":"int"},{"VarName":"Apricot-r.heartbeatTimeout","Value":1,"Type":"int"},{"VarName":"Apricot-r.id","Value":-9223372036854775808,"Type":"int"},{"VarName":"Apricot-r.lead","Value":-9223372036854775808,"Type":"int"},{"VarName":"Apricot-r.leadTransferee","Value":0,"Type":"int"},{"VarName":"Apricot-r.pendingConf","Value":false,"Type":"boolean"},{"VarName":"Apricot-r.raftLog.applied","Value":40,"Type":"int"},{"VarName":"Apricot-r.raftLog.committed","Value":41,"Type":"int"},{"VarName":"Apricot-r.raftLog.lastIndex","Value":41,"Type":"int"},{"VarName":"Apricot-r.raftLog.lastTerm","Value":2,"Type":"int"},{"VarName":"Apricot-r.randomizedElectionTimeout","Value":18,"Type":"int"},{"VarName":"Apricot-r.readState","Value":{"Index":0,"RequestCtx":null},"Type":""},{"VarName":"Apricot-r.state","Value":"\u0000","Type":"string"}],"Id":"53a0acfad59379b3e050338bf9f23cfc172ee787","VectorClock":"Fv+BBAEBBlZDbG9jawH/ggABDAEGAAAd/4IAAwVBcHBsZXoGQmFuYW5h//AHQXByaWNvdHs=","CommunicationDelta":0}],"TotalOrdering":[[1,0],[2]]},{"Cut":{"Clocks":[{"Apple":157,"Apricot":154,"Banana":300},{"Apple":157,"Apricot":158,"Banana":307},{"Apple":157,"Apricot":159,"Banana":307}]},"Points":[{"Dump":[],"Id":"da39a3ee5e6b4b0d3255bfef95601890afd80709","VectorClock":"Fv+BBAEBBlZDbG9jawH/ggABDAEGAAAg/4IAAwVBcHBsZf+dBkJhbmFuYf4BLAdBcHJpY290/5o=","CommunicationDelta":0},{"Dump":null,"Id":"","VectorClock":"Fv+BBAEBBlZDbG9jawH/ggABDAEGAAAg/4IAAwZCYW5hbmH+ATMHQXByaWNvdP+eBUFwcGxl/50=","CommunicationDelta":0},{"Dump":[{"VarName":"Apricot-r.Term","Value":2,"Type":"int"},{"VarName":"Apricot-r.Vote","Value":-9223372036854775808,"Type":"int"},{"VarName":"Apricot-r.checkQuorum","Value":true,"Type":"boolean"},{"VarName":"Apricot-r.electionElapsed","Value":0,"Type":"int"},{"VarName":"Apricot-r.electionTimeout","Value":10,"Type":"int"},{"VarName":"Apricot-r.heartbeatElapsed","Value":0,"Type":"int"},{"VarName":"Apricot-r.heartbeatTimeout","Value":1,"Type":"int"},{"VarName":"Apricot-r.id","Value":-9223372036854775808,"Type":"int"},{"VarName":"Apricot-r.lead","Value":-9223372036854775808,"Type":"int"},{"VarName":"Apricot-r.leadTransferee","Value":0,"Type":"int"},{"VarName":"Apricot-r.pendingConf","Value":false,"Type":"boolean"},{"VarName":"Apricot-r.raftLog.applied","Value":50,"Type":"int"},{"VarName":"Apricot-r.raftLog.committed","Value":50,"Type":"int"},{"VarName":"Apricot-r.raftLog.lastIndex","Value":50,"Type":"int"},{"VarName":"Apricot-r.raftLog.lastTerm","Value":2,"Type":"int"},{"VarName":"Apricot-r.randomizedElectionTimeout","Value":18,"Type":"int"},{"VarName":"Apricot-r.readState","Value":{"Index":0,"RequestCtx":null},"Type":""},{"VarName":"Apricot-r.state","Value":"\u0000","Type":"string"}],"Id":"53a0acfad59379b3e050338bf9f23cfc172ee787","VectorClock":"Fv+BBAEBBlZDbG9jawH/ggABDAEGAAAg/4IAAwdBcHJpY290/58FQXBwbGX/nQZCYW5hbmH+ATM=","CommunicationDelta":0}],"TotalOrdering":[[2,1,0]]},{"Cut":{"Clocks":[{"Apple":169,"Apricot":166,"Banana":323},{"Apple":169,"Apricot":172,"Banana":332},{"Apple":165,"Apricot":172,"Banana":324}]},"Points":[{"Dump":[],"Id":"da39a3ee5e6b4b0d3255bfef95601890afd80709","VectorClock":"Fv+BBAEBBlZDbG9jawH/ggABDAEGAAAg/4IAAwVBcHBsZf+pBkJhbmFuYf4BQwdBcHJpY290/6Y=","CommunicationDelta":0},{"Dump":null,"Id":"","VectorClock":"Fv+BBAEBBlZDbG9jawH/ggABDAEGAAAg/4IAAwVBcHBsZf+pBkJhbmFuYf4BTAdBcHJpY290/6w=","CommunicationDelta":0},{"Dump":[{"VarName":"Apricot-r.Term","Value":2,"Type":"int"},{"VarName":"Apricot-r.Vote","Value":-9223372036854775808,"Type":"int"},{"VarName":"Apricot-r.checkQuorum","Value":true,"Type":"boolean"},{"VarName":"Apricot-r.electionElapsed","Value":1,"Type":"int"},{"VarName":"Apricot-r.electionTimeout","Value":10,"Type":"int"},{"VarName":"Apricot-r.heartbeatElapsed","Value":0,"Type":"int"},{"VarName":"Apricot-r.heartbeatTimeout","Value":1,"Type":"int"},{"VarName":"Apricot-r.id","Value":-9223372036854775808,"Type":"int"},{"VarName":"Apricot-r.lead","Value":-9223372036854775808,"Type":"int"},{"VarName":"Apricot-r.leadTransferee","Value":0,"Type":"int"},{"VarName":"Apricot-r.pendingConf","Value":false,"Type":"boolean"},{"VarName":"Apricot-r.raftLog.applied","Value":54,"Type":"int"},{"VarName":"Apricot-r.raftLog.committed","Value":54,"Type":"int"},{"VarName":"Apricot-r.raftLog.lastIndex","Value":55,"Type":"int"},{"VarName":"Apricot-r.raftLog.lastTerm","Value":2,"Type":"int"},{"VarName":"Apricot-r.randomizedElectionTimeout","Value":18,"Type":"int"},{"VarName":"Apricot-r.readState","Value":{"Index":0,"RequestCtx":null},"Type":""},{"VarName":"Apricot-r.state","Value":"\u0000","Type":"string"}],"Id":"53a0acfad59379b3e050338bf9f23cfc172ee787","VectorClock":"Fv+BBAEBBlZDbG9jawH/ggABDAEGAAAg/4IAAwZCYW5hbmH+AUQHQXByaWNvdP+sBUFwcGxl/6U=","CommunicationDelta":0}],"TotalOrdering":[[1,2],[0]]},{"Cut":{"Clocks":[{"Apple":342,"Apricot":341,"Banana":666},{"Apple":341,"Apricot":341,"Banana":666},{"Apple":335,"Apricot":341,"Banana":654}]},"Points":[{"Dump":null,"Id":"","VectorClock":"Fv+BBAEBBlZDbG9jawH/ggABDAEGAAAi/4IAAwdBcHJpY290/gFVBUFwcGxl/gFWBkJhbmFuYf4Cmg==","CommunicationDelta":0},{"Dump":[],"Id":"da39a3ee5e6b4b0d3255bfef95601890afd80709","VectorClock":"Fv+BBAEBBlZDbG9jawH/ggABDAEGAAAi/4IAAwVBcHBsZf4BVQZCYW5hbmH+ApoHQXByaWNvdP4BVQ==","CommunicationDelta":0},{"Dump":[{"VarName":"Apricot-r.Term","Value":2,"Type":"int"},{"VarName":"Apricot-r.Vote","Value":-9223372036854775808,"Type":"int"},{"VarName":"Apricot-r.checkQuorum","Value":true,"Type":"boolean"},{"VarName":"Apricot-r.electionElapsed","Value":1,"Type":"int"},{"VarName":"Apricot-r.electionTimeout","Value":10,"Type":"int"},{"VarName":"Apricot-r.heartbeatElapsed","Value":0,"Type":"int"},{"VarName":"Apricot-r.heartbeatTimeout","Value":1,"Type":"int"},{"VarName":"Apricot-r.id","Value":-9223372036854775808,"Type":"int"},{"VarName":"Apricot-r.lead","Value":-9223372036854775808,"Type":"int"},{"VarName":"Apricot-r.leadTransferee","Value":0,"Type":"int"},{"VarName":"Apricot-r.pendingConf","Value":false,"Type":"boolean"},{"VarName":"Apricot-r.raftLog.applied","Value":102,"Type":"int"},{"VarName":"Apricot-r.raftLog.committed","Value":102,"Type":"int"},{"VarName":"Apricot-r.raftLog.lastIndex","Value":103,"Type":"int"},{"VarName":"Apricot-r.raftLog.lastTerm","Value":2,"Type":"int"},{"VarName":"Apricot-r.randomizedElectionTimeout","Value":18,"Type":"int"},{"VarName":"Apricot-r.readState","Value":{"Index":0,"RequestCtx":null},"Type":""},{"VarName":"Apricot-r.state","Value":"\u0000","Type":"string"}],"Id":"53a0acfad59379b3e050338bf9f23cfc172ee787","VectorClock":"Fv+BBAEBBlZDbG9jawH/ggABDAEGAAAi/4IAAwVBcHBsZf4BTwZCYW5hbmH+Ao4HQXByaWNvdP4BVQ==","CommunicationDelta":0}],"TotalOrdering":[[0,1,2]]},{"Cut":{"Clocks":[{"Apple":369,"Apricot":365,"Banana":715},{"Apple":369,"Apricot":368,"Banana":720},{"Apple":365,"Apricot":368,"Banana":714}]},"Points":[{"Dump":[],"Id":"da39a3ee5e6b4b0d3255bfef95601890afd80709","VectorClock":"Fv+BBAEBBlZDbG9jawH/ggABDAEGAAAi/4IAAwdBcHJpY290/gFtBUFwcGxl/gFxBkJhbmFuYf4Cyw==","CommunicationDelta":0},{"Dump":null,"Id":"","VectorClock":"Fv+BBAEBBlZDbG9jawH/ggABDAEGAAAi/4IAAwVBcHBsZf4BcQZCYW5hbmH+AtAHQXByaWNvdP4BcA==","CommunicationDelta":0},{"Dump":[{"VarName":"Apricot-r.Term","Value":2,"Type":"int"},{"VarName":"Apricot-r.Vote","Value":-9223372036854775808,"Type":"int"},{"VarName":"Apricot-r.checkQuorum","Value":true,"Type":"boolean"},{"VarName":"Apricot-r.electionElapsed","Value":0,"Type":"int"},{"VarName":"Apricot-r.electionTimeout","Value":10,"Type":"int"},{"VarName":"Apricot-r.heartbeatElapsed","Value":0,"Type":"int"},{"VarName":"Apricot-r.heartbeatTimeout","Value":1,"Type":"int"},{"VarName":"Apricot-r.id","Value":-9223372036854775808,"Type":"int"},{"VarName":"Apricot-r.lead","Value":-9223372036854775808,"Type":"int"},{"VarName":"Apricot-r.leadTransferee","Value":0,"Type":"int"},{"VarName":"Apricot-r.pendingConf","Value":false,"Type":"boolean"},{"VarName":"Apricot-r.raftLog.applied","Value":109,"Type":"int"},{"VarName":"Apricot-r.raftLog.committed","Value":110,"Type":"int"},{"VarName":"Apricot-r.raftLog.lastIndex","Value":110,"Type":"int"},{"VarName":"Apricot-r.raftLog.lastTerm","Value":2,"Type":"int"},{"VarName":"Apricot-r.randomizedElectionTimeout","Value":18,"Type":"int"},{"VarName":"Apricot-r.readState","Value":{"Index":0,"RequestCtx":null},"Type":""},{"VarName":"Apricot-r.state","Value":"\u0000","Type":"string"}],"Id":"53a0acfad59379b3e050338bf9f23cfc172ee787","VectorClock":"Fv+BBAEBBlZDbG9jawH/ggABDAEGAAAi/4IAAwVBcHBsZf4BbQZCYW5hbmH+AsoHQXByaWNvdP4BcA==","CommunicationDelta":0}],"TotalOrdering":[[1,0],[2]]},{"Cut":{"Clocks":[{"Apple":455,"Apricot":445,"Banana":871},{"Apple":455,"Apricot":454,"Banana":889},{"Apple":455,"Apricot":455,"Banana":889}]},"Points":[{"Dump":[],"Id":"da39a3ee5e6b4b0d3255bfef95601890afd80709","VectorClock":"Fv+BBAEBBlZDbG9jawH/ggABDAEGAAAi/4IAAwVBcHBsZf4BxwZCYW5hbmH+A2cHQXByaWNvdP4BvQ==","CommunicationDelta":0},{"Dump":null,"Id":"","VectorClock":"Fv+BBAEBBlZDbG9jawH/ggABDAEGAAAi/4IAAwdBcHJpY290/gHGBUFwcGxl/gHHBkJhbmFuYf4DeQ==","CommunicationDelta":0},{"Dump":[{"VarName":"Apricot-r.Term","Value":2,"Type":"int"},{"VarName":"Apricot-r.Vote","Value":-9223372036854775808,"Type":"int"},{"VarName":"Apricot-r.checkQuorum","Value":true,"Type":"boolean"},{"VarName":"Apricot-r.electionElapsed","Value":0,"Type":"int"},{"VarName":"Apricot-r.electionTimeout","Value":10,"Type":"int"},{"VarName":"Apricot-r.heartbeatElapsed","Value":0,"Type":"int"},{"VarName":"Apricot-r.heartbeatTimeout","Value":1,"Type":"int"},{"VarName":"Apricot-r.id","Value":-9223372036854775808,"Type":"int"},{"VarName":"Apricot-r.lead","Value":-9223372036854775808,"Type":"int"},{"VarName":"Apricot-r.leadTransferee","Value":0,"Type":"int"},{"VarName":"Apricot-r.pendingConf","Value":false,"Type":"boolean"},{"VarName":"Apricot-r.raftLog.applied","Value":135,"Type":"int"},{"VarName":"Apricot-r.raftLog.committed","Value":135,"Type":"int"},{"VarName":"Apricot-r.raftLog.lastIndex","Value":135,"Type":"int"},{"VarName":"Apricot-r.raftLog.lastTerm","Value":2,"Type":"int"},{"VarName":"Apricot-r.randomizedElectionTimeout","Value":18,"Type":"int"},{"VarName":"Apricot-r.readState","Value":{"Index":0,"RequestCtx":null},"Type":""},{"VarName":"Apricot-r.state","Value":"\u0000","Type":"string"}],"Id":"53a0acfad59379b3e050338bf9f23cfc172ee787","VectorClock":"Fv+BBAEBBlZDbG9jawH/ggABDAEGAAAi/4IAAwZCYW5hbmH+A3kHQXByaWNvdP4BxwVBcHBsZf4Bxw==","CommunicationDelta":0}],"TotalOrdering":[[2,1,0]]},{"Cut":{"Clocks":[{"Apple":461,"Apricot":454,"Banana":890},{"Apple":461,"Apricot":459,"Banana":899},{"Apple":455,"Apricot":459,"Banana":889}]},"Points":[{"Dump":[],"Id":"da39a3ee5e6b4b0d3255bfef95601890afd80709","VectorClock":"Fv+BBAEBBlZDbG9jawH/ggABDAEGAAAi/4IAAwVBcHBsZf4BzQZCYW5hbmH+A3oHQXByaWNvdP4Bxg==","CommunicationDelta":0},{"Dump":null,"Id":"","VectorClock":"Fv+BBAEBBlZDbG9jawH/ggABDAEGAAAi/4IAAwdBcHJpY290/gHLBUFwcGxl/gHNBkJhbmFuYf4Dgw==","CommunicationDelta":0},{"Dump":[{"VarName":"Apricot-r.Term","Value":2,"Type":"int"},{"VarName":"Apricot-r.Vote","Value":-9223372036854775808,"Type":"int"},{"VarName":"Apricot-r.checkQuorum","Value":true,"Type":"boolean"},{"VarName":"Apricot-r.electionElapsed","Value":0,"Type":"int"},{"VarName":"Apricot-r.electionTimeout","Value":10,"Type":"int"},{"VarName":"Apricot-r.heartbeatElapsed","Value":0,"Type":"int"},{"VarName":"Apricot-r.heartbeatTimeout","Value":1,"Type":"int"},{"VarName":"Apricot-r.id","Value":-9223372036854775808,"Type":"int"},{"VarName":"Apricot-r.lead","Value":-9223372036854775808,"Type":"int"},{"VarName":"Apricot-r.leadTransferee","Value":0,"Type":"int"},{"VarName":"Apricot-r.pendingConf","Value":false,"Type":"boolean"},{"VarName":"Apricot-r.raftLog.applied","Value":136,"Type":"int"},{"VarName":"Apricot-r.raftLog.committed","Value":137,"Type":"int"},{"VarName":"Apricot-r.raftLog.lastIndex","Value":137,"Type":"int"},{"VarName":"Apricot-r.raftLog.lastTerm","Value":2,"Type":"int"},{"VarName":"Apricot-r.randomizedElectionTimeout","Value":18,"Type":"int"},{"VarName":"Apricot-r.readState","Value":{"Index":0,"RequestCtx":null},"Type":""},{"VarName":"Apricot-r.state","Value":"\u0000","Type":"string"}],"Id":"53a0acfad59379b3e050338bf9f23cfc172ee787","VectorClock":"Fv+BBAEBBlZDbG9jawH/ggABDAEGAAAi/4IAAwdBcHJpY290/gHLBUFwcGxl/gHHBkJhbmFuYf4DeQ==","CommunicationDelta":0}],"TotalOrdering":[[1,0],[2]]},{"Cut":{"Clocks":[{"Apple":550,"Apricot":546,"Banana":1070},{"Apple":549,"Apricot":549,"Banana":1075},{"Apple":546,"Apricot":550,"Banana":1071}]},"Points":[{"Dump":null,"Id":"","VectorClock":"Fv+BBAEBBlZDbG9jawH/ggABDAEGAAAi/4IAAwZCYW5hbmH+BC4HQXByaWNvdP4CIgVBcHBsZf4CJg==","CommunicationDelta":0},{"Dump":[],"Id":"da39a3ee5e6b4b0d3255bfef95601890afd80709","VectorClock":"Fv+BBAEBBlZDbG9jawH/ggABDAEGAAAi/4IAAwZCYW5hbmH+BDMHQXByaWNvdP4CJQVBcHBsZf4CJQ==","CommunicationDelta":0},{"Dump":[{"VarName":"Apricot-r.Term","Value":2,"Type":"int"},{"VarName":"Apricot-r.Vote","Value":-9223372036854775808,"Type":"int"},{"VarName":"Apricot-r.checkQuorum","Value":true,"Type":"boolean"},{"VarName":"Apricot-r.electionElapsed","Value":0,"Type":"int"},{"VarName":"Apricot-r.electionTimeout","Value":10,"Type":"int"},{"VarName":"Apricot-r.heartbeatElapsed","Value":0,"Type":"int"},{"VarName":"Apricot-r.heartbeatTimeout","Value":1,"Type":"int"},{"VarName":"Apricot-r.id","Value":-9223372036854775808,"Type":"int"},{"VarName":"Apricot-r.lead","Value":-9223372036854775808,"Type":"int"},{"VarName":"Apricot-r.leadTransferee","Value":0,"Type":"int"},{"VarName":"Apricot-r.pendingConf","Value":false,"Type":"boolean"},{"VarName":"Apricot-r.raftLog.applied","Value":161,"Type":"int"},{"VarName":"Apricot-r.raftLog.committed","Value":162,"Type":"int"},{"VarName":"Apricot-r.raftLog.lastIndex","Value":163,"Type":"int"},{"VarName":"Apricot-r.raftLog.lastTerm","Value":2,"Type":"int"},{"VarName":"Apricot-r.randomizedElectionTimeout","Value":18,"Type":"int"},{"VarName":"Apricot-r.readState","Value":{"Index":0,"RequestCtx":null},"Type":""},{"VarName":"Apricot-r.state","Value":"\u0000","Type":"string"}],"Id":"53a0acfad59379b3e050338bf9f23cfc172ee787","VectorClock":"Fv+BBAEBBlZDbG9jawH/ggABDAEGAAAi/4IAAwVBcHBsZf4CIgZCYW5hbmH+BC8HQXByaWNvdP4CJg==","CommunicationDelta":0}],"TotalOrdering":[[0],[1],[2]]},{"Cut":{"Clocks":[{"Apple":550,"Apricot":546,"Banana":1070},{"Apple":549,"Apricot":551,"Banana":1076},{"Apple":546,"Apricot":551,"Banana":1071}]},"Points":[{"Dump":null,"Id":"","VectorClock":"Fv+BBAEBBlZDbG9jawH/ggABDAEGAAAi/4IAAwZCYW5hbmH+BC4HQXByaWNvdP4CIgVBcHBsZf4CJg==","CommunicationDelta":0},{"Dump":[],"Id":"da39a3ee5e6b4b0d3255bfef95601890afd80709","VectorClock":"Fv+BBAEBBlZDbG9jawH/ggABDAEGAAAi/4IAAwVBcHBsZf4CJQZCYW5hbmH+BDQHQXByaWNvdP4CJw==","CommunicationDelta":0},{"Dump":[{"VarName":"Apricot-r.Term","Value":2,"Type":"int"},{"VarName":"Apricot-r.Vote","Value":-9223372036854775808,"Type":"int"},{"VarName":"Apricot-r.checkQuorum","Value":true,"Type":"boolean"},{"VarName":"Apricot-r.electionElapsed","Value":0,"Type":"int"},{"VarName":"Apricot-r.electionTimeout","Value":10,"Type":"int"},{"VarName":"Apricot-r.heartbeatElapsed","Value":0,"Type":"int"},{"VarName":"Apricot-r.heartbeatTimeout","Value":1,"Type":"int"},{"VarName":"Apricot-r.id","Value":-9223372036854775808,"Type":"int"},{"VarName":"Apricot-r.lead","Value":-9223372036854775808,"Type":"int"},{"VarName":"Apricot-r.leadTransferee","Value":0,"Type":"int"},{"VarName":"Apricot-r.pendingConf","Value":false,"Type":"boolean"},{"VarName":"Apricot-r.raftLog.applied","Value":162,"Type":"int"},{"VarName":"Apricot-r.raftLog.committed","Value":162,"Type":"int"},{"VarName":"Apricot-r.raftLog.lastIndex","Value":163,"Type":"int"},{"VarName":"Apricot-r.raftLog.lastTerm","Value":2,"Type":"int"},{"VarName":"Apricot-r.randomizedElectionTimeout","Value":18,"Type":"int"},{"VarName":"Apricot-r.readState","Value":{"Index":0,"RequestCtx":null},"Type":""},{"VarName":"Apricot-r.state","Value":"\u0000","Type":"string"}],"Id":"53a0acfad59379b3e050338bf9f23cfc172ee787","VectorClock":"Fv+BBAEBBlZDbG9jawH/ggABDAEGAAAi/4IAAwVBcHBsZf4CIgZCYW5hbmH+BC8HQXByaWNvdP4CJw==","CommunicationDelta":0}],"TotalOrdering":[[1,2],[0]]},{"Cut":{"Clocks":[{"Apple":550,"Apricot":546,"Banana":1070},{"Apple":549,"Apricot":552,"Banana":1077},{"Apple":546,"Apricot":552,"Banana":1071}]},"Points":[{"Dump":null,"Id":"","VectorClock":"Fv+BBAEBBlZDbG9jawH/ggABDAEGAAAi/4IAAwZCYW5hbmH+BC4HQXByaWNvdP4CIgVBcHBsZf4CJg==","CommunicationDelta":0},{"Dump":[],"Id":"da39a3ee5e6b4b0d3255bfef95601890afd80709","VectorClock":"Fv+BBAEBBlZDbG9jawH/ggABDAEGAAAi/4IAAwVBcHBsZf4CJQZCYW5hbmH+BDUHQXByaWNvdP4CKA==","CommunicationDelta":0},{"Dump":[{"VarName":"Apricot-r.Term","Value":2,"Type":"int"},{"VarName":"Apricot-r.Vote","Value":-9223372036854775808,"Type":"int"},{"VarName":"Apricot-r.checkQuorum","Value":true,"Type":"boolean"},{"VarName":"Apricot-r.electionElapsed","Value":0,"Type":"int"},{"VarName":"Apricot-r.electionTimeout","Value":10,"Type":"int"},{"VarName":"Apricot-r.heartbeatElapsed","Value":0,"Type":"int"},{"VarName":"Apricot-r.heartbeatTimeout","Value":1,"Type":"int"},{"VarName":"Apricot-r.id","Value":-9223372036854775808,"Type":"int"},{"VarName":"Apricot-r.lead","Value":-9223372036854775808,"Type":"int"},{"VarName":"Apricot-r.leadTransferee","Value":0,"Type":"int"},{"VarName":"Apricot-r.pendingConf","Value":false,"Type":"boolean"},{"VarName":"Apricot-r.raftLog.applied","Value":162,"Type":"int"},{"VarName":"Apricot-r.raftLog.committed","Value":163,"Type":"int"},{"VarName":"Apricot-r.raftLog.lastIndex","Value":163,"Type":"int"},{"VarName":"Apricot-r.raftLog.lastTerm","Value":2,"Type":"int"},{"VarName":"Apricot-r.randomizedElectionTimeout","Value":18,"Type":"int"},{"VarName":"Apricot-r.readState","Value":{"Index":0,"RequestCtx":null},"Type":""},{"VarName":"Apricot-r.state","Value":"\u0000","Type":"string"}],"Id":"53a0acfad59379b3e050338bf9f23cfc172ee787","VectorClock":"Fv+BBAEBBlZDbG9jawH/ggABDAEGAAAi/4IAAwVBcHBsZf4CIgZCYW5hbmH+BC8HQXByaWNvdP4CKA==","CommunicationDelta":0}],"TotalOrdering":[[1,2],[0]]},{"Cut":{"Clocks":[{"Apple":567,"Apricot":565,"Banana":1104},{"Apple":566,"Apricot":567,"Banana":1105},{"Apple":566,"Apricot":567,"Banana":1099}]},"Points":[{"Dump":[],"Id":"da39a3ee5e6b4b0d3255bfef95601890afd80709","VectorClock":"Fv+BBAEBBlZDbG9jawH/ggABDAEGAAAi/4IAAwVBcHBsZf4CNwZCYW5hbmH+BFAHQXByaWNvdP4CNQ==","CommunicationDelta":0},{"Dump":null,"Id":"","VectorClock":"Fv+BBAEBBlZDbG9jawH/ggABDAEGAAAi/4IAAwVBcHBsZf4CNgZCYW5hbmH+BFEHQXByaWNvdP4CNw==","CommunicationDelta":0},{"Dump":[{"VarName":"Apricot-r.Term","Value":2,"Type":"int"},{"VarName":"Apricot-r.Vote","Value":-9223372036854775808,"Type":"int"},{"VarName":"Apricot-r.checkQuorum","Value":true,"Type":"boolean"},{"VarName":"Apricot-r.electionElapsed","Value":0,"Type":"int"},{"VarName":"Apricot-r.electionTimeout","Value":10,"Type":"int"},{"VarName":"Apricot-r.heartbeatElapsed","Value":0,"Type":"int"},{"VarName":"Apricot-r.heartbeatTimeout","Value":1,"Type":"int"},{"VarName":"Apricot-r.id","Value":-9223372036854775808,"Type":"int"},{"VarName":"Apricot-r.lead","Value":-9223372036854775808,"Type":"int"},{"VarName":"Apricot-r.leadTransferee","Value":0,"Type":"int"},{"VarName":"Apricot-r.pendingConf","Value":false,"Type":"boolean"},{"VarName":"Apricot-r.raftLog.applied","Value":166,"Type":"int"},{"VarName":"Apricot-r.raftLog.committed","Value":167,"Type":"int"},{"VarName":"Apricot-r.raftLog.lastIndex","Value":167,"Type":"int"},{"VarName":"Apricot-r.raftLog.lastTerm","Value":2,"Type":"int"},{"VarName":"Apricot-r.randomizedElectionTimeout","Value":18,"Type":"int"},{"VarName":"Apricot-r.readState","Value":{"Index":0,"RequestCtx":null},"Type":""},{"VarName":"Apricot-r.state","Value":"\u0000","Type":"string"}],"Id":"53a0acfad59379b3e050338bf9f23cfc172ee787","VectorClock":"Fv+BBAEBBlZDbG9jawH/ggABDAEGAAAi/4IAAwVBcHBsZf4CNgZCYW5hbmH+BEsHQXByaWNvdP4CNw==","CommunicationDelta":0}],"TotalOrdering":[[1,2],[0]]},{"Cut":{"Clocks":[{"Apple":684,"Apricot":684,"Banana":1335},{"Apple":684,"Apricot":687,"Banana":1338},{"Apple":682,"Apricot":687,"Banana":1334}]},"Points":[{"Dump":[],"Id":"da39a3ee5e6b4b0d3255bfef95601890afd80709","VectorClock":"Fv+BBAEBBlZDbG9jawH/ggABDAEGAAAi/4IAAwVBcHBsZf4CrAZCYW5hbmH+BTcHQXByaWNvdP4CrA==","CommunicationDelta":0},{"Dump":null,"Id":"","VectorClock":"Fv+BBAEBBlZDbG9jawH/ggABDAEGAAAi/4IAAwVBcHBsZf4CrAZCYW5hbmH+BToHQXByaWNvdP4Crw==","CommunicationDelta":0},{"Dump":[{"VarName":"Apricot-r.Term","Value":2,"Type":"int"},{"VarName":"Apricot-r.Vote","Value":-9223372036854775808,"Type":"int"},{"VarName":"Apricot-r.checkQuorum","Value":true,"Type":"boolean"},{"VarName":"Apricot-r.electionElapsed","Value":0,"Type":"int"},{"VarName":"Apricot-r.electionTimeout","Value":10,"Type":"int"},{"VarName":"Apricot-r.heartbeatElapsed","Value":0,"Type":"int"},{"VarName":"Apricot-r.heartbeatTimeout","Value":1,"Type":"int"},{"VarName":"Apricot-r.id","Value":-9223372036854775808,"Type":"int"},{"VarName":"Apricot-r.lead","Value":-9223372036854775808,"Type":"int"},{"VarName":"Apricot-r.leadTransferee","Value":0,"Type":"int"},{"VarName":"Apricot-r.pendingConf","Value":false,"Type":"boolean"},{"VarName":"Apricot-r.raftLog.applied","Value":201,"Type":"int"},{"VarName":"Apricot-r.raftLog.committed","Value":202,"Type":"int"},{"VarName":"Apricot-r.raftLog.lastIndex","Value":203,"Type":"int"},{"VarName":"Apricot-r.raftLog.lastTerm","Value":2,"Type":"int"},{"VarName":"Apricot-r.randomizedElectionTimeout","Value":18,"Type":"int"},{"VarName":"Apricot-r.readState","Value":{"Index":0,"RequestCtx":null},"Type":""},{"VarName":"Apricot-r.state","Value":"\u0000","Type":"string"}],"Id":"53a0acfad59379b3e050338bf9f23cfc172ee787","VectorClock":"Fv+BBAEBBlZDbG9jawH/ggABDAEGAAAi/4IAAwVBcHBsZf4CqgZCYW5hbmH+BTYHQXByaWNvdP4Crw==","CommunicationDelta":0}],"TotalOrdering":[[1,2],[0]]},{"Cut":{"Clocks":[{"Apple":735,"Apricot":735,"Banana":1437},{"Apple":735,"Apricot":740,"Banana":1442},{"Apple":733,"Apricot":740,"Banana":1436}]},"Points":[{"Dump":[],"Id":"da39a3ee5e6b4b0d3255bfef95601890afd80709","VectorClock":"Fv+BBAEBBlZDbG9jawH/ggABDAEGAAAi/4IAAwVBcHBsZf4C3wZCYW5hbmH+BZ0HQXByaWNvdP4C3w==","CommunicationDelta":0},{"Dump":null,"Id":"","VectorClock":"Fv+BBAEBBlZDbG9jawH/ggABDAEGAAAi/4IAAwdBcHJpY290/gLkBUFwcGxl/gLfBkJhbmFuYf4Fog==","CommunicationDelta":0},{"Dump":[{"VarName":"Apricot-r.Term","Value":2,"Type":"int"},{"VarName":"Apricot-r.Vote","Value":-9223372036854775808,"Type":"int"},{"VarName":"Apricot-r.checkQuorum","Value":true,"Type":"boolean"},{"VarName":"Apricot-r.electionElapsed","Value":0,"Type":"int"},{"VarName":"Apricot-r.electionTimeout","Value":10,"Type":"int"},{"VarName":"Apricot-r.heartbeatElapsed","Value":0,"Type":"int"},{"VarName":"Apricot-r.heartbeatTimeout","Value":1,"Type":"int"},{"VarName":"Apricot-r.id","Value":-9223372036854775808,"Type":"int"},{"VarName":"Apricot-r.lead","Value":-9223372036854775808,"Type":"int"},{"VarName":"Apricot-r.leadTransferee","Value":0,"Type":"int"},{"VarName":"Apricot-r.pendingConf","Value":false,"Type":"boolean"},{"VarName":"Apricot-r.raftLog.applied","Value":217,"Type":"int"},{"VarName":"Apricot-r.raftLog.committed","Value":218,"Type":"int"},{"VarName":"Apricot-r.raftLog.lastIndex","Value":218,"Type":"int"},{"VarName":"Apricot-r.raftLog.lastTerm","Value":2,"Type":"int"},{"VarName":"Apricot-r.randomizedElectionTimeout","Value":18,"Type":"int"},{"VarName":"Apricot-r.readState","Value":{"Index":0,"RequestCtx":null},"Type":""},{"VarName":"Apricot-r.state","Value":"\u0000","Type":"string"}],"Id":"53a0acfad59379b3e050338bf9f23cfc172ee787","VectorClock":"Fv+BBAEBBlZDbG9jawH/ggABDAEGAAAi/4IAAwdBcHJpY290/gLkBUFwcGxl/gLdBkJhbmFuYf4FnA==","CommunicationDelta":0}],"TotalOrdering":[[1,2],[0]]},{"Cut":{"Clocks":null},"Points":null,"TotalOrdering":null}],"Plane":[[0,1.7320508075688772,5.916079783099616,4.123105625617661,3.4641016151377544,6.164414002968976,3.4641016151377544,6.4031242374328485,7.615773105863909,7.615773105863909,7.54983443527075,5.830951894845301,3.4641016151377544,7.0710678118654755,5.830951894845301,5.196152422706632,6.928203230275509,5.385164807134504,7.54983443527075],[1.7320508075688772,0,4.242640687119285,5.830951894845301,5.196152422706632,6.4031242374328485,5.196152422706632,8.12403840463596,5.916079783099616,5.916079783099616,5.830951894845301,4.123105625617661,5.196152422706632,8.774964387392123,7.54983443527075,6.928203230275509,5.196152422706632,7.0710678118654755,9.273618495495704],[5.916079783099616,4.242640687119285,0,5.291502622129181,5.916079783099616,7,9.327379053088816,4.242640687119285,1.7320508075688772,5.196152422706632,8.831760866327848,4.795831523312719,9.327379053088816,8.306623862918075,7,7.615773105863909,5.916079783099616,10,8.831760866327848],[4.123105625617661,5.830951894845301,5.291502622129181,0,1,8.660254037844387,4.123105625617661,5.830951894845301,7,10.44030650891055,9.273618495495704,9.848857801796104,4.123105625617661,8.660254037844387,8.660254037844387,9.273618495495704,11,6.928203230275509,5.830951894845301],[3.4641016151377544,5.196152422706632,5.916079783099616,1,0,8.12403840463596,3.4641016151377544,6.4031242374328485,7.615773105863909,11.045361017187261,9.848857801796104,9.273618495495704,3.4641016151377544,9.273618495495704,9.273618495495704,8.660254037844387,10.392304845413264,7.54983443527075,6.4031242374328485],[6.164414002968976,6.4031242374328485,7,8.660254037844387,8.12403840463596,0,4.69041575982343,4.123105625617661,5.291502622129181,5.291502622129181,6.4031242374328485,5.830951894845301,8.12403840463596,4.898979485566356,4.898979485566356,4.58257569495584,4.69041575982343,9.9498743710662,11],[3.4641016151377544,5.196152422706632,9.327379053088816,4.123105625617661,3.4641016151377544,4.69041575982343,0,6.4031242374328485,7.615773105863909,7.615773105863909,6.4031242374328485,9.273618495495704,3.4641016151377544,5.830951894845301,5.830951894845301,5.196152422706632,6.928203230275509,7.54983443527075,9.848857801796104],[6.4031242374328485,8.12403840463596,4.242640687119285,5.830951894845301,6.4031242374328485,4.123105625617661,6.4031242374328485,0,2.6457513110645907,5.916079783099616,8.246211251235321,8.660254037844387,9.848857801796104,5.385164807134504,4.123105625617661,4.69041575982343,6.4031242374328485,10.488088481701515,8.246211251235321],[7.615773105863909,5.916079783099616,1.7320508075688772,7,7.615773105863909,5.291502622129181,7.615773105863909,2.6457513110645907,0,3.4641016151377544,7.14142842854285,6.48074069840786,11.045361017187261,6.6332495807108,5.291502622129181,5.916079783099616,4.242640687119285,11.704699910719626,10.535653752852738],[7.615773105863909,5.916079783099616,5.196152422706632,10.44030650891055,11.045361017187261,5.291502622129181,7.615773105863909,5.916079783099616,3.4641016151377544,0,3.872983346207417,6.48074069840786,11.045361017187261,6.6332495807108,5.291502622129181,5.916079783099616,4.242640687119285,8.306623862918075,10.535653752852738],[7.54983443527075,5.830951894845301,8.831760866327848,9.273618495495704,9.848857801796104,6.4031242374328485,6.4031242374328485,8.246211251235321,7.14142842854285,3.872983346207417,0,8.660254037844387,9.848857801796104,7.54983443527075,8.774964387392123,9.273618495495704,7.54983443527075,5.830951894845301,6.928203230275509],[5.830951894845301,4.123105625617661,4.795831523312719,9.848857801796104,9.273618495495704,5.830951894845301,9.273618495495704,8.660254037844387,6.48074069840786,6.48074069840786,8.660254037844387,0,5.830951894845301,4.69041575982343,4.69041575982343,4.123105625617661,2.449489742783178,6.4031242374328485,8.660254037844387],[3.4641016151377544,5.196152422706632,9.327379053088816,4.123105625617661,3.4641016151377544,8.12403840463596,3.4641016151377544,9.848857801796104,11.045361017187261,11.045361017187261,9.848857801796104,5.830951894845301,0,5.830951894845301,5.830951894845301,5.196152422706632,6.928203230275509,4.123105625617661,6.4031242374328485],[7.0710678118654755,8.774964387392123,8.306623862918075,8.660254037844387,9.273618495495704,4.898979485566356,5.830951894845301,5.385164807134504,6.6332495807108,6.6332495807108,7.54983443527075,4.69041575982343,5.830951894845301,0,2,2.23606797749979,3.7416573867739413,5.196152422706632,7.54983443527075],[5.830951894845301,7.549834435